653
542
799
489
661
642
555
457
410
568
473
691
548
737
694
628
470
783
506
770
489
549
435
656
472
418
689
539
664
553
651
408
765
721
699
726
553
647
630
612
510
499
581
491
722
795
412
614
434
721
796
426
776
407
674
714
614
755
760
651
455
487
473
416
442
647
776
542
564
794
779
671
796
707
535
665
497
518
672
611
565
641
700
633
621
634
605
433
688
799
542
789
538
755
582
565
487
450
523
691
713
678
403
738
769
709
417
551
682
692
489
507
669
591
650
494
471
732
707
774
443
473
439
596
477
759
439
417
623
709
525
471
535
484
604
763
652
440
556
421
601
573
800
725
594
758
455
556
771
767
686
647
537
775
450
692
659
734
559
700
734
529
621
792
620
532
648
544
703
565
597
678
790
531
735
696
782
412
543
665
512
492
685
650
636
664
419
539
580
496
686
743
512
693
455
735
455
635
546
723
602
596
751
541
580
786
416
790
475
667
635
670
544
648
725
407
433
790
661
492
561
448
507
503
532
461
539
448
754
437
772
560
419
537
695
718
618
675
758
421
521
418
478
688
689
751
633
428
770
720
514
618
794
686
736
573
588
624
507
700
602
659
523
455
590
545
716
712
668
453
408
624
520
776
793
514
721
759
639
754
778
620
692
631
410
579
659
609
549
775
732
740
549
637
749
774
668
482
662
428
563
667
774
725
594
703
567
789
796
746
555
582
498
714
754
766
623
640
459
760
580
482
760
705
753
514
669
666
449
563
510
687
513
759
731
556
599
678
734
644
630
530
583
686
754
689
407
670
575
575
446
726
530
498
537
550
619
625
558
559
606
663
781
689
560
733
453
424
433
465
530
520
404
616
438
458
653
744
790
628
799
621
606
532
572
597
428
755
425
574
731
558
646
728
755
773
476
503
760
637
602
645
728
613
481
582
571
787
648
678
688
539
607
623
462
625
678
571
735
693
544
582
554
710
694
572
678
779
714
682
443
556
636
584
420
491
734
406
746
431
668
600
487
629
448
669
640
422
422
461
407
574
733
647
608
746
439
764
443
607
457
624
401
707
740
767
795
602
508
440
603
634
705
433
665
607
468
776
636
576
777
663
581
736
613
622
672
547
495
632
747
563
445
577
520
560
734
561
556
544
456
504
434
572
503
519
570
447
598
683
497
714
429
557
401
488
400
475
457
507
470
455
640
761
776
488
593
550
610
506
427
574
469
410
782
572
785
705
402
672
683
658
621
487
709
491
548
757
743
561
527
644
764
764
637
533
742
577
762
413
613
687
471
534
475
529
561
619
419
621
510
496
497
461
783
775
728
692
470
544
475
400
526
680
650
617
576
515
601
705
705
630
699
658
449
602
539
436
459
479
669
573
678
502
403
613
512
779
763
557
409
669
735
789
422
580
633
675
688
660
691
549
633
446
423
792
514
638
785
474
477
536
774
556
509
460
559
550
452
574
436
646
404
629
716
494
579
628
424
599
657
488
735
789
739
602
511
699
495
783
648
640
469
436
502
744
765
680
690
492
630
725
561
796
436
528
605
424
691
623
612
732
744
716
527
581
701
444
444
508
610
790
684
525
516
740
765
656
502
435
736
634
780
424
634
514
731
476
577
557
731
671
483
527
453
669
628
468
459
590
764
621
413
421
722
581
553
716
546
613
685
749
531
660
790
430
635
565
523
505
704
799
474
713
478
797
721
570
692
599
724
542
429
636
764
477
573
700
415
779
706
624
473
599
607
798
742
785
672
561
774
592
492
558
682
623
703
799
785
614
786
446
420
522
632
612
761
616
573
617
685
406
721
457
591
502
548
665
468
511
479
478
531
753
588
561
471
788
563
738
646
551
751
714
586
726
760
572
534
639
761
681
551
694
782
617
616
524
428
472
437
585
403
766
657
400
412
483
582
451
403
691
542
712
575
575
419
419
436
638
496
737
743
786
596
488
490
615
705
539
584
656
767
464
686
631
573
754
557
471
653
650
531
721
800
793
450
493
409
643
444
563
754
619
547
483
576
783
449
588
743
417
677
792
513
453
674
764
644
760
477
702
538
567
462
728
650
696
722
426
781
599
702
697
733
462
583
647
773
734
759
633
633
742
413
755
563
414
699
462
457
642
502
529
561
562
554
644
466
475
437
529
708
493
696
677
730
732
517
524
609
530
733
724
623
505
672
493
583
554
615
797
702
793
494
611
420
703
641
743
796
772
564
400
616
483
487
530
438
699
700
617
535
733
621
783
758
542
619
539
649
719
699
450
729
410
566
693
713
547
