> 2MASS Tully-Fisher Survey
> Hong, T., Staveley-Smith, L., Masters, K. L., Springob, C. M., 
> acri, L. M., Koribalski, B. S., Jones, D. H., Jarrett, T. H., 
> Crook, A. C. 2013, MNRAS, arXiv:1304.0882
>
> ASCII Table
> Generated by Tao Hong  Sun May 12 2013
>
> Telescope:      Parkes telescope with MX mode
> Beam size:      14.0 [arcminutes]
> Object:         2MASS J00301223-4106041
> RA:               7.5510  (J2000) decimal degrees
> DEC:            -41.1011  (J2000) decimal degrees
> Rest Frequency: 1420.4058 [MHz]
> Bandwidth:      8 [MHz]
> Channels:       1024
> HI Archive at http://ict.icrar.org/2MTF/
>
The spectrum is not baselined. Not smoothed either.i ******
  Frequency     Velocity-HEL    Flux Density ***
     MHz            km/s             mJy     ***
  1374.9766      9905.1377        -29.1887
  1374.9844      9903.3779        -29.9312
  1374.9922      9901.6182         31.7965
  1375.0000      9899.8585         -6.8412
  1375.0078      9898.0988         11.3677
  1375.0156      9896.3392         13.7027
  1375.0234      9894.5795        -10.1890
  1375.0312      9892.8199         14.1322
  1375.0391      9891.0603        -12.0604
  1375.0469      9889.3008        -17.8703
  1375.0547      9887.5412        -44.7455
  1375.0625      9885.7817        -23.8628
  1375.0703      9884.0222         -6.7443
  1375.0781      9882.2627        -15.9163
  1375.0859      9880.5032        -33.3265
  1375.0937      9878.7437         11.3416
  1375.1016      9876.9843        -19.7287
  1375.1094      9875.2249        -46.6446
  1375.1172      9873.4655        -21.4908
  1375.1250      9871.7061         -5.4439
  1375.1328      9869.9468         -8.7041
  1375.1406      9868.1874         -1.0373
  1375.1484      9866.4281        -48.0285
  1375.1562      9864.6688        -15.2794
  1375.1641      9862.9095        -14.7406
  1375.1719      9861.1503         -6.8387
  1375.1797      9859.3911          7.6011
  1375.1875      9857.6318         -1.3393
  1375.1953      9855.8726          3.2328
  1375.2031      9854.1135        -17.0845
  1375.2109      9852.3543         -2.6837
  1375.2187      9850.5952         -8.0945
  1375.2266      9848.8361        -18.8286
  1375.2344      9847.0770        -11.1709
  1375.2422      9845.3179         -5.5225
  1375.2500      9843.5588         -2.7801
  1375.2578      9841.7998        -16.9311
  1375.2656      9840.0408         -0.6313
  1375.2734      9838.2818         -8.1442
  1375.2812      9836.5228        -16.9530
  1375.2891      9834.7639         -8.6946
  1375.2969      9833.0049         -3.6835
  1375.3047      9831.2460          3.8063
  1375.3125      9829.4871        -17.6109
  1375.3203      9827.7282          1.1155
  1375.3281      9825.9694          6.3463
  1375.3359      9824.2106         -5.8642
  1375.3438      9822.4517         -6.2687
  1375.3516      9820.6929         -8.5204
  1375.3594      9818.9342         -2.2047
  1375.3672      9817.1754         -5.4278
  1375.3750      9815.4167        -14.4661
  1375.3828      9813.6580          0.4931
  1375.3906      9811.8993         -2.1084
  1375.3984      9810.1406        -11.6072
  1375.4063      9808.3819         -8.5456
  1375.4141      9806.6233         -4.8687
  1375.4219      9804.8647         -5.0029
  1375.4297      9803.1061          0.5042
  1375.4375      9801.3475         -9.3154
  1375.4453      9799.5890         -3.1040
  1375.4531      9797.8304         -0.3617
  1375.4609      9796.0719         -8.6987
  1375.4688      9794.3134         -1.4291
  1375.4766      9792.5549         -5.6455
  1375.4844      9790.7965         10.7183
  1375.4922      9789.0381         -0.8070
  1375.5000      9787.2796         -4.1081
  1375.5078      9785.5212          1.3785
  1375.5156      9783.7629         -5.0641
  1375.5234      9782.0045         -2.9182
  1375.5313      9780.2462         -8.4159
  1375.5391      9778.4879         -0.0376
  1375.5469      9776.7296          2.7444
  1375.5547      9774.9713         -7.3770
  1375.5625      9773.2130         -6.2938
  1375.5703      9771.4548         -7.9532
  1375.5781      9769.6966         -5.9696
  1375.5859      9767.9384          6.3255
  1375.5938      9766.1802          4.2164
  1375.6016      9764.4221         -2.4143
  1375.6094      9762.6639         -0.9704
  1375.6172      9760.9058         -1.6251
  1375.6250      9759.1477         -6.3052
  1375.6328      9757.3896         -9.1846
  1375.6406      9755.6316         -9.9798
  1375.6485      9753.8735         -0.5804
  1375.6563      9752.1155         -0.7030
  1375.6641      9750.3575         -1.8994
  1375.6719      9748.5996          7.3861
  1375.6797      9746.8416         -2.9918
  1375.6875      9745.0837         -6.2068
  1375.6953      9743.3257          2.1021
  1375.7031      9741.5679         -4.4207
  1375.7110      9739.8100         -3.2234
  1375.7188      9738.0521         -3.1942
  1375.7266      9736.2943          2.2977
  1375.7344      9734.5365          5.8461
  1375.7422      9732.7787         -2.3161
  1375.7500      9731.0209         -4.3718
  1375.7578      9729.2631          1.0122
  1375.7656      9727.5054         -1.2554
  1375.7735      9725.7477         -4.0757
  1375.7813      9723.9900         -8.1451
  1375.7891      9722.2323         -8.4913
  1375.7969      9720.4747         -5.7400
  1375.8047      9718.7170         -1.1847
  1375.8125      9716.9594         -6.1506
  1375.8203      9715.2018         -4.1349
  1375.8281      9713.4442          3.1217
  1375.8360      9711.6867          2.5784
  1375.8438      9709.9291          6.3608
  1375.8516      9708.1716          0.2167
  1375.8594      9706.4141         -3.2953
  1375.8672      9704.6566          0.7324
  1375.8750      9702.8992         -3.9916
  1375.8828      9701.1417         -1.3913
  1375.8906      9699.3843          2.5252
  1375.8985      9697.6269         -1.4278
  1375.9063      9695.8696         -7.7897
  1375.9141      9694.1122         -7.8523
  1375.9219      9692.3549         -2.1453
  1375.9297      9690.5975          1.2840
  1375.9375      9688.8402         -7.6779
  1375.9453      9687.0830         -5.2434
  1375.9532      9685.3257         -5.4508
  1375.9610      9683.5685         -8.3333
  1375.9688      9681.8113          3.6746
  1375.9766      9680.0541         -3.2961
  1375.9844      9678.2969         -5.7273
  1375.9922      9676.5397         -5.8220
  1376.0000      9674.7826         -5.6314
  1376.0078      9673.0255          1.3888
  1376.0157      9671.2684         -6.6044
  1376.0235      9669.5113          0.2920
  1376.0313      9667.7542          1.3884
  1376.0391      9665.9972         -1.7229
  1376.0469      9664.2402          2.4575
  1376.0547      9662.4832          5.0977
  1376.0625      9660.7262          0.7618
  1376.0703      9658.9692        -16.9341
  1376.0782      9657.2123         -4.4138
  1376.0860      9655.4554         -8.4954
  1376.0938      9653.6985         -4.5832
  1376.1016      9651.9416        -13.1629
  1376.1094      9650.1848          1.7348
  1376.1172      9648.4279         -0.5503
  1376.1250      9646.6711         -5.1801
  1376.1328      9644.9143         -4.5166
  1376.1407      9643.1575         -7.0293
  1376.1485      9641.4008         -5.5889
  1376.1563      9639.6440        -17.5376
  1376.1641      9637.8873         -6.9619
  1376.1719      9636.1306         -4.3371
  1376.1797      9634.3739         -6.4744
  1376.1875      9632.6173         -7.3330
  1376.1953      9630.8606         -2.7557
  1376.2032      9629.1040         -5.4420
  1376.2110      9627.3474         -2.6877
  1376.2188      9625.5908         -0.9772
  1376.2266      9623.8343        -14.3027
  1376.2344      9622.0777         -6.0399
  1376.2422      9620.3212         -7.5964
  1376.2500      9618.5647         -7.3464
  1376.2579      9616.8082         -1.1820
  1376.2657      9615.0518        -10.0165
  1376.2735      9613.2953          2.7964
  1376.2813      9611.5389         -0.5061
  1376.2891      9609.7825        -16.0476
  1376.2969      9608.0261        -10.1704
  1376.3047      9606.2698         -2.1871
  1376.3125      9604.5134         -7.7378
  1376.3204      9602.7571         -5.2866
  1376.3282      9601.0008          1.6219
  1376.3360      9599.2445         -9.3609
  1376.3438      9597.4883         -4.2347
  1376.3516      9595.7320          0.2107
  1376.3594      9593.9758         -6.4409
  1376.3672      9592.2196         -5.4759
  1376.3750      9590.4634         -0.7386
  1376.3829      9588.7073         -5.9822
  1376.3907      9586.9511         -5.7124
  1376.3985      9585.1950         -7.7563
  1376.4063      9583.4389         -7.5471
  1376.4141      9581.6828         -6.3709
  1376.4219      9579.9268         -0.1154
  1376.4297      9578.1707         -4.7834
  1376.4375      9576.4147         -2.4271
  1376.4454      9574.6587         -3.6142
  1376.4532      9572.9027         -2.2758
  1376.4610      9571.1468          7.2036
  1376.4688      9569.3908         -3.9385
  1376.4766      9567.6349         -9.7859
  1376.4844      9565.8790         -9.4062
  1376.4922      9564.1231         -5.1845
  1376.5000      9562.3673          0.3278
  1376.5079      9560.6114         -8.6003
  1376.5157      9558.8556         -8.3656
  1376.5235      9557.0998         -9.6810
  1376.5313      9555.3440          3.9036
  1376.5391      9553.5883         -1.4661
  1376.5469      9551.8325         -3.3254
  1376.5547      9550.0768         -2.9935
  1376.5626      9548.3211         -2.4819
  1376.5704      9546.5654         -1.4361
  1376.5782      9544.8097         -4.0006
  1376.5860      9543.0541          0.2291
  1376.5938      9541.2985         -5.6921
  1376.6016      9539.5429        -13.5446
  1376.6094      9537.7873         -0.2397
  1376.6172      9536.0317          6.8611
  1376.6251      9534.2762         -0.6718
  1376.6329      9532.5207         -6.9835
  1376.6407      9530.7652          2.5525
  1376.6485      9529.0097         -5.0363
  1376.6563      9527.2542        -10.6118
  1376.6641      9525.4988          3.7016
  1376.6719      9523.7434         -4.9039
  1376.6797      9521.9880        -10.3587
  1376.6876      9520.2326         -2.7945
  1376.6954      9518.4772          0.1559
  1376.7032      9516.7219         -4.8713
  1376.7110      9514.9665         -8.7418
  1376.7188      9513.2112         -6.5665
  1376.7266      9511.4560          4.7224
  1376.7344      9509.7007         -0.3519
  1376.7422      9507.9455          2.3148
  1376.7501      9506.1902         -2.7361
  1376.7579      9504.4350         -9.9755
  1376.7657      9502.6798         -2.7894
  1376.7735      9500.9247          7.4194
  1376.7813      9499.1695         -5.3006
  1376.7891      9497.4144          1.9106
  1376.7969      9495.6593          5.5213
  1376.8047      9493.9042        -10.4465
  1376.8126      9492.1492          2.1752
  1376.8204      9490.3941          5.3395
  1376.8282      9488.6391         -9.6644
  1376.8360      9486.8841         -4.3211
  1376.8438      9485.1291          2.5441
  1376.8516      9483.3741          2.9438
  1376.8594      9481.6192          2.5454
  1376.8672      9479.8643         -6.0550
  1376.8751      9478.1094          6.0859
  1376.8829      9476.3545         -1.2127
  1376.8907      9474.5996         -6.9100
  1376.8985      9472.8448         -0.8237
  1376.9063      9471.0899         -3.7776
  1376.9141      9469.3351         -6.9460
  1376.9219      9467.5803          1.3021
  1376.9298      9465.8256         -2.3228
  1376.9376      9464.0708          1.5350
  1376.9454      9462.3161         -8.6805
  1376.9532      9460.5614         -4.1200
  1376.9610      9458.8067          2.8488
  1376.9688      9457.0521          1.8694
  1376.9766      9455.2974          0.5963
  1376.9844      9453.5428         -5.2032
  1376.9923      9451.7882         -6.8844
  1377.0001      9450.0336          0.1490
  1377.0079      9448.2790         -1.3208
  1377.0157      9446.5245          0.3384
  1377.0235      9444.7699          0.4515
  1377.0313      9443.0154         -0.6022
  1377.0391      9441.2610         14.8445
  1377.0469      9439.5065          0.5560
  1377.0548      9437.7520          4.9003
  1377.0626      9435.9976          4.4742
  1377.0704      9434.2432         -3.1626
  1377.0782      9432.4888         -3.4335
  1377.0860      9430.7345         -6.6399
  1377.0938      9428.9801         -3.1210
  1377.1016      9427.2258          1.7084
  1377.1094      9425.4715         -3.0447
  1377.1173      9423.7172         -5.3942
  1377.1251      9421.9629         -6.2064
  1377.1329      9420.2087         -5.3594
  1377.1407      9418.4544         -1.8968
  1377.1485      9416.7002          0.2018
  1377.1563      9414.9460         -1.3251
  1377.1641      9413.1919         -4.7208
  1377.1719      9411.4377          2.5841
  1377.1798      9409.6836          7.3126
  1377.1876      9407.9295         -7.3944
  1377.1954      9406.1754         -4.9848
  1377.2032      9404.4213         -2.4619
  1377.2110      9402.6673          0.6676
  1377.2188      9400.9133         -6.3774
  1377.2266      9399.1592         -4.1008
  1377.2345      9397.4053         -2.3071
  1377.2423      9395.6513         -5.5072
  1377.2501      9393.8973          1.5565
  1377.2579      9392.1434         -1.4911
  1377.2657      9390.3895         -1.3432
  1377.2735      9388.6356         -9.6791
  1377.2813      9386.8817         -1.4448
  1377.2891      9385.1279          0.1446
  1377.2970      9383.3741          3.5368
  1377.3048      9381.6202         -6.0571
  1377.3126      9379.8665          1.1830
  1377.3204      9378.1127         -6.4531
  1377.3282      9376.3589         -6.1594
  1377.3360      9374.6052          5.5065
  1377.3438      9372.8515          4.2950
  1377.3516      9371.0978         -3.9506
  1377.3595      9369.3441          8.0144
  1377.3673      9367.5905          2.8028
  1377.3751      9365.8368         -7.2134
  1377.3829      9364.0832          4.4300
  1377.3907      9362.3296         16.1236
  1377.3985      9360.5761         13.6259
  1377.4063      9358.8225          6.1396
  1377.4141      9357.0690          8.9419
  1377.4220      9355.3155          6.9118
  1377.4298      9353.5620          9.3387
  1377.4376      9351.8085         17.3640
  1377.4454      9350.0551         19.0001
  1377.4532      9348.3016         15.2716
  1377.4610      9346.5482         23.9900
  1377.4688      9344.7948         20.4861
  1377.4766      9343.0415         24.2135
  1377.4845      9341.2881         23.2743
  1377.4923      9339.5348         20.4512
  1377.5001      9337.7815         18.1107
  1377.5079      9336.0282         21.8668
  1377.5157      9334.2749         23.8413
  1377.5235      9332.5216         16.8421
  1377.5313      9330.7684         25.9984
  1377.5392      9329.0152         23.3627
  1377.5470      9327.2620         13.3485
  1377.5548      9325.5088         21.2958
  1377.5626      9323.7557         16.9103
  1377.5704      9322.0025         16.2020
  1377.5782      9320.2494          9.4183
  1377.5860      9318.4963         11.5693
  1377.5938      9316.7433         18.2891
  1377.6017      9314.9902         17.8264
  1377.6095      9313.2372         18.2106
  1377.6173      9311.4842         21.7605
  1377.6251      9309.7312         10.5070
  1377.6329      9307.9782         10.2363
  1377.6407      9306.2252         25.1123
  1377.6485      9304.4723         14.0697
  1377.6563      9302.7194         11.0505
  1377.6642      9300.9665         20.5575
  1377.6720      9299.2136         12.8227
  1377.6798      9297.4608         15.6397
  1377.6876      9295.7079         16.0788
  1377.6954      9293.9551         11.4842
  1377.7032      9292.2023         11.3709
  1377.7110      9290.4495         10.7401
  1377.7188      9288.6968         13.8508
  1377.7267      9286.9440         10.2188
  1377.7345      9285.1913         13.0278
  1377.7423      9283.4386         13.1607
  1377.7501      9281.6859         15.6096
  1377.7579      9279.9333         13.7596
  1377.7657      9278.1807          5.0282
  1377.7735      9276.4280          9.0278
  1377.7813      9274.6754         17.8973
  1377.7892      9272.9229         13.1262
  1377.7970      9271.1703         11.9258
  1377.8048      9269.4178         11.6406
  1377.8126      9267.6653          5.4743
  1377.8204      9265.9128          3.7495
  1377.8282      9264.1603          5.5238
  1377.8360      9262.4078          1.4058
  1377.8439      9260.6554         15.9278
  1377.8517      9258.9030          3.1333
  1377.8595      9257.1506         -1.0067
  1377.8673      9255.3982         13.4947
  1377.8751      9253.6458          1.9124
  1377.8829      9251.8935          5.9537
  1377.8907      9250.1412          0.1357
  1377.8985      9248.3889         -1.3739
  1377.9064      9246.6366          4.3342
  1377.9142      9244.8843          2.3469
  1377.9220      9243.1321          9.1230
  1377.9298      9241.3799         10.4839
  1377.9376      9239.6277          9.0493
  1377.9454      9237.8755         -0.1988
  1377.9532      9236.1233          0.5989
  1377.9610      9234.3712          3.0293
  1377.9689      9232.6191          4.3995
  1377.9767      9230.8670          5.5405
  1377.9845      9229.1149          7.1201
  1377.9923      9227.3628          8.6885
  1378.0001      9225.6108          4.4779
  1378.0079      9223.8588          7.9429
  1378.0157      9222.1068          5.7425
  1378.0235      9220.3548          3.1946
  1378.0314      9218.6028          4.0526
  1378.0392      9216.8509          3.8393
  1378.0470      9215.0990          7.0578
  1378.0548      9213.3471         12.0170
  1378.0626      9211.5952          2.9026
  1378.0704      9209.8433          5.8626
  1378.0782      9208.0915          8.6090
  1378.0860      9206.3397          9.5549
  1378.0939      9204.5879          6.0795
  1378.1017      9202.8361          2.4065
  1378.1095      9201.0843          8.4184
  1378.1173      9199.3326          1.9093
  1378.1251      9197.5808          1.7924
  1378.1329      9195.8291          6.3919
  1378.1407      9194.0775          9.5848
  1378.1485      9192.3258         10.5720
  1378.1564      9190.5742          9.9537
  1378.1642      9188.8225          5.0447
  1378.1720      9187.0709          4.4262
  1378.1798      9185.3193         10.3190
  1378.1876      9183.5678         -2.1733
  1378.1954      9181.8162         -0.2940
  1378.2032      9180.0647         -1.0245
  1378.2111      9178.3132          3.8380
  1378.2189      9176.5617          4.5788
  1378.2267      9174.8103          1.5822
  1378.2345      9173.0588          5.2336
  1378.2423      9171.3074          0.0492
  1378.2501      9169.5560         -4.4088
  1378.2579      9167.8046          7.2440
  1378.2657      9166.0532         -5.1947
  1378.2736      9164.3019          7.0419
  1378.2814      9162.5506          9.1671
  1378.2892      9160.7993          1.4103
  1378.2970      9159.0480          2.5870
  1378.3048      9157.2967          6.5427
  1378.3126      9155.5455          8.0985
  1378.3204      9153.7942          3.5967
  1378.3282      9152.0430          8.3178
  1378.3361      9150.2918          1.9422
  1378.3439      9148.5407          1.4194
  1378.3517      9146.7895          6.4226
  1378.3595      9145.0384          3.3037
  1378.3673      9143.2873          9.4334
  1378.3751      9141.5362          6.2322
  1378.3829      9139.7851          0.3958
  1378.3907      9138.0341          0.9312
  1378.3986      9136.2831          2.2538
  1378.4064      9134.5320          0.4922
  1378.4142      9132.7811          5.6533
  1378.4220      9131.0301         10.1059
  1378.4298      9129.2791         10.3026
  1378.4376      9127.5282         12.4145
  1378.4454      9125.7773         -0.2436
  1378.4532      9124.0264          5.0856
  1378.4611      9122.2755          9.7461
  1378.4689      9120.5247          6.5840
  1378.4767      9118.7739          6.4742
  1378.4845      9117.0231          5.7929
  1378.4923      9115.2723          0.7644
  1378.5001      9113.5215          2.7045
  1378.5079      9111.7708          4.5327
  1378.5158      9110.0200          4.0268
  1378.5236      9108.2693          1.1674
  1378.5314      9106.5186          4.3338
  1378.5392      9104.7680          3.2799
  1378.5470      9103.0173         -5.2238
  1378.5548      9101.2667          4.4931
  1378.5626      9099.5161          5.8911
  1378.5704      9097.7655          6.1395
  1378.5783      9096.0149          6.0660
  1378.5861      9094.2643          0.6100
  1378.5939      9092.5138         -0.9943
  1378.6017      9090.7633         -0.0902
  1378.6095      9089.0128          1.9404
  1378.6173      9087.2623         12.1347
  1378.6251      9085.5119          7.1545
  1378.6329      9083.7615          5.7604
  1378.6408      9082.0110          9.6015
  1378.6486      9080.2606         15.8366
  1378.6564      9078.5103          2.5684
  1378.6642      9076.7599          1.2525
  1378.6720      9075.0096          1.6216
  1378.6798      9073.2593          8.6375
  1378.6876      9071.5090          7.1284
  1378.6954      9069.7587          7.7730
  1378.7033      9068.0085          1.9944
  1378.7111      9066.2582          9.1395
  1378.7189      9064.5080         15.0720
  1378.7267      9062.7578          5.5020
  1378.7345      9061.0076          8.5559
  1378.7423      9059.2575          4.7345
  1378.7501      9057.5073          6.6354
  1378.7579      9055.7572         14.3695
  1378.7658      9054.0071          8.5427
  1378.7736      9052.2571          5.8173
  1378.7814      9050.5070         16.7985
  1378.7892      9048.7570          9.3020
  1378.7970      9047.0070          7.9770
  1378.8048      9045.2570          1.1067
  1378.8126      9043.5070          2.2349
  1378.8205      9041.7570         14.0913
  1378.8283      9040.0071          8.7413
  1378.8361      9038.2572         10.2401
  1378.8439      9036.5073          8.1572
  1378.8517      9034.7574          3.2944
  1378.8595      9033.0075          6.5517
  1378.8673      9031.2577          6.2947
  1378.8751      9029.5079         12.4637
  1378.8830      9027.7581          6.7248
  1378.8908      9026.0083          0.3168
  1378.8986      9024.2585          6.8766
  1378.9064      9022.5088          5.0045
  1378.9142      9020.7591         11.7604
  1378.9220      9019.0094         13.4103
  1378.9298      9017.2597          4.2828
  1378.9376      9015.5101          8.2285
  1378.9455      9013.7604         -1.3647
  1378.9533      9012.0108          4.5445
  1378.9611      9010.2612         10.7647
  1378.9689      9008.5116         11.1221
  1378.9767      9006.7621          7.8655
  1378.9845      9005.0125          9.0190
  1378.9923      9003.2630          8.6518
  1379.0001      9001.5135         -3.5177
  1379.0080      8999.7640          7.4256
  1379.0158      8998.0146         11.2604
  1379.0236      8996.2651         -1.9550
  1379.0314      8994.5157          3.2739
  1379.0392      8992.7663         11.8649
  1379.0470      8991.0169         10.4849
  1379.0548      8989.2675         10.7820
  1379.0626      8987.5182         14.2814
  1379.0705      8985.7689         12.7326
  1379.0783      8984.0196          6.5757
  1379.0861      8982.2703          7.2952
  1379.0939      8980.5210          6.6454
  1379.1017      8978.7718          9.2088
  1379.1095      8977.0226          1.7437
  1379.1173      8975.2734         -5.9701
  1379.1252      8973.5242         -3.2827
  1379.1330      8971.7750          7.6258
  1379.1408      8970.0259          9.9474
  1379.1486      8968.2768          5.7883
  1379.1564      8966.5277         -1.0481
  1379.1642      8964.7786          4.8851
  1379.1720      8963.0295          3.4825
  1379.1798      8961.2805          0.7941
  1379.1877      8959.5314         -1.9258
  1379.1955      8957.7824          4.6314
  1379.2033      8956.0334         -0.9368
  1379.2111      8954.2845          8.7078
  1379.2189      8952.5355          5.5870
  1379.2267      8950.7866         -1.3672
  1379.2345      8949.0377          3.9082
  1379.2423      8947.2888          5.3196
  1379.2502      8945.5399          8.5331
  1379.2580      8943.7911          5.4773
  1379.2658      8942.0423          8.4163
  1379.2736      8940.2935          7.3526
  1379.2814      8938.5447         10.7682
  1379.2892      8936.7959          8.8533
  1379.2970      8935.0472          7.7384
  1379.3048      8933.2984         12.4742
  1379.3127      8931.5497         11.8988
  1379.3205      8929.8010          1.2483
  1379.3283      8928.0524          5.3916
  1379.3361      8926.3037         11.8886
  1379.3439      8924.5551          4.9978
  1379.3517      8922.8065          1.9050
  1379.3595      8921.0579          7.0285
  1379.3673      8919.3093          4.7407
  1379.3752      8917.5608          9.9522
  1379.3830      8915.8123          7.7075
  1379.3908      8914.0637          6.1070
  1379.3986      8912.3153          7.9900
  1379.4064      8910.5668         11.5985
  1379.4142      8908.8183         10.8003
  1379.4220      8907.0699          8.5110
  1379.4299      8905.3215          9.3589
  1379.4377      8903.5731          7.2603
  1379.4455      8901.8247         12.1676
  1379.4533      8900.0764         -0.2053
  1379.4611      8898.3281          4.2862
  1379.4689      8896.5797         17.8359
  1379.4767      8894.8314          8.5744
  1379.4845      8893.0832         11.2774
  1379.4924      8891.3349         16.0168
  1379.5002      8889.5867          7.9480
  1379.5080      8887.8385          8.6067
  1379.5158      8886.0903          7.0426
  1379.5236      8884.3421          5.9177
  1379.5314      8882.5940          9.5766
  1379.5392      8880.8458         14.1686
  1379.5470      8879.0977          6.0783
  1379.5549      8877.3496          8.1168
  1379.5627      8875.6015          4.8747
  1379.5705      8873.8535          5.8337
  1379.5783      8872.1055          3.0129
  1379.5861      8870.3574         11.5697
  1379.5939      8868.6094         12.7267
  1379.6017      8866.8615         10.1411
  1379.6095      8865.1135          5.0429
  1379.6174      8863.3656          5.5188
  1379.6252      8861.6177         11.0283
  1379.6330      8859.8698          9.3136
  1379.6408      8858.1219         19.7925
  1379.6486      8856.3740         13.3179
  1379.6564      8854.6262         14.7673
  1379.6642      8852.8784          9.7072
  1379.6720      8851.1306         10.4719
  1379.6799      8849.3828          8.7789
  1379.6877      8847.6351         15.2020
  1379.6955      8845.8873         15.4570
  1379.7033      8844.1396          9.5161
  1379.7111      8842.3919         14.3924
  1379.7189      8840.6442          7.2596
  1379.7267      8838.8966         19.2969
  1379.7345      8837.1489         14.1432
  1379.7424      8835.4013          8.4060
  1379.7502      8833.6537         15.1545
  1379.7580      8831.9061         16.7507
  1379.7658      8830.1586         24.7099
  1379.7736      8828.4110         13.4256
  1379.7814      8826.6635         15.6761
  1379.7892      8824.9160         12.1531
  1379.7971      8823.1685         16.1676
  1379.8049      8821.4211         15.3295
  1379.8127      8819.6736          7.0472
  1379.8205      8817.9262         15.2464
  1379.8283      8816.1788         16.1049
  1379.8361      8814.4314         12.8115
  1379.8439      8812.6841         15.9517
  1379.8517      8810.9367         15.2797
  1379.8596      8809.1894         13.3975
  1379.8674      8807.4421         11.9701
  1379.8752      8805.6948         19.8816
  1379.8830      8803.9476         26.4589
  1379.8908      8802.2003         25.9853
  1379.8986      8800.4531         14.9161
  1379.9064      8798.7059         26.4791
  1379.9142      8796.9587         22.8743
  1379.9221      8795.2115         23.3453
  1379.9299      8793.4644         20.8125
  1379.9377      8791.7173         23.2424
  1379.9455      8789.9702         26.0602
  1379.9533      8788.2231         23.8382
  1379.9611      8786.4760         23.4620
  1379.9689      8784.7290         24.9498
  1379.9767      8782.9820         20.1383
  1379.9846      8781.2349         17.8113
  1379.9924      8779.4880         15.3388
  1380.0002      8777.7410         23.5874
  1380.0080      8775.9940          9.2584
  1380.0158      8774.2471          4.8496
  1380.0236      8772.5002         13.8253
  1380.0314      8770.7533          3.1581
  1380.0392      8769.0065          1.0662
  1380.0471      8767.2596          9.1391
  1380.0549      8765.5128          1.7281
  1380.0627      8763.7660          1.0756
  1380.0705      8762.0192         -0.5285
  1380.0783      8760.2724          5.5603
  1380.0861      8758.5257         -4.6257
  1380.0939      8756.7789          0.0910
  1380.1018      8755.0322          0.7218
  1380.1096      8753.2856         -1.4889
  1380.1174      8751.5389         -3.0823
  1380.1252      8749.7922         -4.7507
  1380.1330      8748.0456         -1.4196
  1380.1408      8746.2990         -7.1917
  1380.1486      8744.5524         -4.3890
  1380.1564      8742.8058         -4.6512
  1380.1643      8741.0593         -2.8369
  1380.1721      8739.3128         -3.6644
  1380.1799      8737.5662         -3.7226
  1380.1877      8735.8198          3.4485
  1380.1955      8734.0733         -1.1959
  1380.2033      8732.3268        -11.1040
  1380.2111      8730.5804         -4.9602
  1380.2189      8728.8340         -1.2275
  1380.2268      8727.0876         -9.1949
  1380.2346      8725.3412         -2.9799
  1380.2424      8723.5949          7.8350
  1380.2502      8721.8485          0.0656
  1380.2580      8720.1022         -4.3757
  1380.2658      8718.3559         -2.3128
  1380.2736      8716.6097         -5.6345
  1380.2814      8714.8634         -2.5175
  1380.2893      8713.1172         -8.8674
  1380.2971      8711.3710         -7.4415
  1380.3049      8709.6248         -9.7190
  1380.3127      8707.8786         -2.1710
  1380.3205      8706.1324        -12.1311
  1380.3283      8704.3863         -8.2354
  1380.3361      8702.6402         -0.1347
  1380.3439      8700.8941         -0.9949
  1380.3518      8699.1480          0.3139
  1380.3596      8697.4019         -4.1248
  1380.3674      8695.6559         -0.3172
  1380.3752      8693.9099         -4.9308
  1380.3830      8692.1639         -7.1476
  1380.3908      8690.4179          1.8632
  1380.3986      8688.6720         -0.6041
  1380.4065      8686.9260         -4.1149
  1380.4143      8685.1801         -2.0216
  1380.4221      8683.4342          1.9198
  1380.4299      8681.6883          0.6516
  1380.4377      8679.9425         -4.8890
  1380.4455      8678.1966         -9.9371
  1380.4533      8676.4508        -13.7663
  1380.4611      8674.7050         -6.7069
  1380.4690      8672.9592         -2.3264
  1380.4768      8671.2135         -4.2368
  1380.4846      8669.4677        -10.5977
  1380.4924      8667.7220         -0.5891
  1380.5002      8665.9763         -7.8069
  1380.5080      8664.2306         -8.9072
  1380.5158      8662.4850         -0.0732
  1380.5236      8660.7393         -4.1612
  1380.5315      8658.9937         -3.9326
  1380.5393      8657.2481         -5.0714
  1380.5471      8655.5025         -4.8762
  1380.5549      8653.7570         -7.5856
  1380.5627      8652.0114         -8.6211
  1380.5705      8650.2659        -11.6873
  1380.5783      8648.5204         -7.8977
  1380.5861      8646.7749         -7.5923
  1380.5940      8645.0295         -5.7231
  1380.6018      8643.2840         -2.8543
  1380.6096      8641.5386         -6.4534
  1380.6174      8639.7932         -1.3434
  1380.6252      8638.0478        -12.3068
  1380.6330      8636.3024        -14.4202
  1380.6408      8634.5571         -4.1089
  1380.6486      8632.8118        -11.2448
  1380.6565      8631.0665         -4.4032
  1380.6643      8629.3212         -0.4089
  1380.6721      8627.5759         -9.7782
  1380.6799      8625.8307         -8.2911
  1380.6877      8624.0854         -6.8687
  1380.6955      8622.3402         -6.0933
  1380.7033      8620.5950        -11.4513
  1380.7112      8618.8499        -10.6853
  1380.7190      8617.1047         -1.2412
  1380.7268      8615.3596         -3.5113
  1380.7346      8613.6145         -2.7039
  1380.7424      8611.8694         -0.2496
  1380.7502      8610.1243         -0.2770
  1380.7580      8608.3793         -7.6505
  1380.7658      8606.6343         -7.8196
  1380.7737      8604.8892         -5.3150
  1380.7815      8603.1443         -4.9321
  1380.7893      8601.3993         -6.7212
  1380.7971      8599.6543        -12.6864
  1380.8049      8597.9094         -8.2801
  1380.8127      8596.1645         -6.4470
  1380.8205      8594.4196         -5.8325
  1380.8283      8592.6747         -7.2843
  1380.8362      8590.9299         -4.5047
  1380.8440      8589.1851         -9.2122
  1380.8518      8587.4402        -14.8759
  1380.8596      8585.6955         -8.1475
  1380.8674      8583.9507         -5.6083
  1380.8752      8582.2059         -4.4254
  1380.8830      8580.4612         -7.8971
  1380.8908      8578.7165         -5.5480
  1380.8987      8576.9718        -16.1753
  1380.9065      8575.2271         -7.4261
  1380.9143      8573.4825         -8.3426
  1380.9221      8571.7378        -11.1443
  1380.9299      8569.9932         -7.8270
  1380.9377      8568.2486         -8.8059
  1380.9455      8566.5040         -7.9074
  1380.9533      8564.7595        -10.0841
  1380.9612      8563.0150         -6.7168
  1380.9690      8561.2704         -3.2075
  1380.9768      8559.5259         -8.9762
  1380.9846      8557.7815         -1.7389
  1380.9924      8556.0370         -5.3479
  1381.0002      8554.2926         -6.0898
  1381.0080      8552.5482         -1.1017
  1381.0159      8550.8038        -10.2150
  1381.0237      8549.0594        -13.2296
  1381.0315      8547.3150         -6.2194
  1381.0393      8545.5707         -5.7153
  1381.0471      8543.8264        -11.2644
  1381.0549      8542.0821         -9.1747
  1381.0627      8540.3378         -0.3392
  1381.0705      8538.5935         -5.6424
  1381.0784      8536.8493         -9.0016
  1381.0862      8535.1051         -9.5412
  1381.0940      8533.3609         -4.9796
  1381.1018      8531.6167         -6.7381
  1381.1096      8529.8725         -4.1889
  1381.1174      8528.1284         -5.8085
  1381.1252      8526.3843         -8.8371
  1381.1330      8524.6402        -14.6900
  1381.1409      8522.8961         -4.8057
  1381.1487      8521.1520         -2.7647
  1381.1565      8519.4080         -3.6142
  1381.1643      8517.6640         -0.0551
  1381.1721      8515.9200         -1.3601
  1381.1799      8514.1760         -6.3183
  1381.1877      8512.4320          4.2842
  1381.1955      8510.6881        -12.3999
  1381.2034      8508.9442        -12.1992
  1381.2112      8507.2003        -14.2453
  1381.2190      8505.4564         -7.9060
  1381.2268      8503.7125         -2.7605
  1381.2346      8501.9687         -7.6425
  1381.2424      8500.2248         -3.4665
  1381.2502      8498.4810         -7.7231
  1381.2580      8496.7372        -10.0024
  1381.2659      8494.9935         -9.9279
  1381.2737      8493.2497        -15.0835
  1381.2815      8491.5060         -9.3825
  1381.2893      8489.7623         -9.1150
  1381.2971      8488.0186         -4.7797
  1381.3049      8486.2749         -4.9830
  1381.3127      8484.5313         -9.6959
  1381.3205      8482.7877          2.8828
  1381.3284      8481.0441         -8.0121
  1381.3362      8479.3005        -12.7019
  1381.3440      8477.5569          2.3820
  1381.3518      8475.8134         -4.4411
  1381.3596      8474.0698         -9.3410
  1381.3674      8472.3263         -3.4255
  1381.3752      8470.5828         -2.6431
  1381.3831      8468.8394        -12.7224
  1381.3909      8467.0959         -6.6759
  1381.3987      8465.3525         -4.9464
  1381.4065      8463.6091         -8.8070
  1381.4143      8461.8657        -13.2201
  1381.4221      8460.1223         -8.0050
  1381.4299      8458.3790         -4.2413
  1381.4377      8456.6356         -8.7574
  1381.4456      8454.8923         -9.8487
  1381.4534      8453.1490         -6.0097
  1381.4612      8451.4057         -3.4973
  1381.4690      8449.6625         -0.6435
  1381.4768      8447.9193         -5.2744
  1381.4846      8446.1760        -12.1538
  1381.4924      8444.4329         -3.0344
  1381.5002      8442.6897         -1.1766
  1381.5081      8440.9465         -2.5269
  1381.5159      8439.2034          0.5098
  1381.5237      8437.4603        -11.4095
  1381.5315      8435.7172         -6.7856
  1381.5393      8433.9741         -1.7650
  1381.5471      8432.2310         -6.1640
  1381.5549      8430.4880         -7.5793
  1381.5627      8428.7450         -2.8472
  1381.5706      8427.0020        -10.3198
  1381.5784      8425.2590          1.9720
  1381.5862      8423.5161        -10.0720
  1381.5940      8421.7731         -9.3803
  1381.6018      8420.0302         -2.1178
  1381.6096      8418.2873         -6.0359
  1381.6174      8416.5444         -7.2975
  1381.6252      8414.8016         -5.2749
  1381.6331      8413.0587         -0.8952
  1381.6409      8411.3159         -1.8578
  1381.6487      8409.5731         -8.4619
  1381.6565      8407.8303         -9.0795
  1381.6643      8406.0876        -10.3894
  1381.6721      8404.3448        -12.0844
  1381.6799      8402.6021         -5.5123
  1381.6878      8400.8594          1.8780
  1381.6956      8399.1167         -1.2033
  1381.7034      8397.3741         -8.8072
  1381.7112      8395.6314         -1.9405
  1381.7190      8393.8888         -8.7685
  1381.7268      8392.1462        -10.2793
  1381.7346      8390.4036         -6.6167
  1381.7424      8388.6611          2.5777
  1381.7503      8386.9185         -7.3815
  1381.7581      8385.1760         -6.1784
  1381.7659      8383.4335         -6.1102
  1381.7737      8381.6910         -3.5433
  1381.7815      8379.9485         -1.7191
  1381.7893      8378.2061         -2.5633
  1381.7971      8376.4637        -10.6012
  1381.8049      8374.7213          0.7167
  1381.8128      8372.9789         -9.8290
  1381.8206      8371.2365         -1.3885
  1381.8284      8369.4942          2.1218
  1381.8362      8367.7518         -9.8779
  1381.8440      8366.0095         -0.5299
  1381.8518      8364.2673          2.0322
  1381.8596      8362.5250        -14.1016
  1381.8674      8360.7827        -13.5021
  1381.8753      8359.0405         -1.3209
  1381.8831      8357.2983         -3.6346
  1381.8909      8355.5561         -7.6060
  1381.8987      8353.8139         -1.6373
  1381.9065      8352.0718         -1.6762
  1381.9143      8350.3297         -2.2741
  1381.9221      8348.5876          1.0310
  1381.9299      8346.8455         -6.1434
  1381.9378      8345.1034         -0.9765
  1381.9456      8343.3613          0.7886
  1381.9534      8341.6193         -3.7878
  1381.9612      8339.8773          1.7792
  1381.9690      8338.1353          0.2617
  1381.9768      8336.3933         -0.0382
  1381.9846      8334.6514          7.4630
  1381.9925      8332.9095          0.6487
  1382.0003      8331.1675          3.3020
  1382.0081      8329.4256         -4.9316
  1382.0159      8327.6838        -10.9361
  1382.0237      8325.9419         -8.2408
  1382.0315      8324.2001        -16.8715
  1382.0393      8322.4583        -12.4981
  1382.0471      8320.7165          1.1334
  1382.0550      8318.9747         -5.6368
  1382.0628      8317.2329         -4.8084
  1382.0706      8315.4912         -9.0000
  1382.0784      8313.7495        -16.1102
  1382.0862      8312.0078         -7.8475
  1382.0940      8310.2661         -8.7972
  1382.1018      8308.5245         -5.0171
  1382.1096      8306.7828         -7.7998
  1382.1175      8305.0412          2.7359
  1382.1253      8303.2996          1.8009
  1382.1331      8301.5580         -4.1513
  1382.1409      8299.8165         -4.7988
  1382.1487      8298.0749         -9.7291
  1382.1565      8296.3334         -4.3707
  1382.1643      8294.5919         -1.6579
  1382.1721      8292.8504        -12.3907
  1382.1800      8291.1090         -3.2268
  1382.1878      8289.3675         -2.5393
  1382.1956      8287.6261         -7.5203
  1382.2034      8285.8847         -4.7136
  1382.2112      8284.1433         -0.6144
  1382.2190      8282.4020         -4.9860
  1382.2268      8280.6606        -11.8745
  1382.2346      8278.9193         -5.8067
  1382.2425      8277.1780         -9.3094
  1382.2503      8275.4367         -9.5890
  1382.2581      8273.6955         -4.6781
  1382.2659      8271.9542         -7.2575
  1382.2737      8270.2130        -12.1742
  1382.2815      8268.4718         -7.9540
  1382.2893      8266.7306         -5.5245
  1382.2972      8264.9894         -8.1135
  1382.3050      8263.2483         -3.2394
  1382.3128      8261.5072         -5.2430
  1382.3206      8259.7661         -7.7776
  1382.3284      8258.0250        -11.9389
  1382.3362      8256.2839         -6.5699
  1382.3440      8254.5429         -3.8977
  1382.3518      8252.8018         -6.2361
  1382.3597      8251.0608         -3.4037
  1382.3675      8249.3198        -11.9237
  1382.3753      8247.5789        -10.0353
  1382.3831      8245.8379         -6.9460
  1382.3909      8244.0970        -11.6298
  1382.3987      8242.3561         -8.0074
  1382.4065      8240.6152         -7.7219
  1382.4143      8238.8743         -3.5838
  1382.4222      8237.1335        -14.8506
  1382.4300      8235.3927         -2.1164
  1382.4378      8233.6518         -3.1622
  1382.4456      8231.9111         -4.1186
  1382.4534      8230.1703          4.1135
  1382.4612      8228.4295         -5.7307
  1382.4690      8226.6888        -10.2116
  1382.4768      8224.9481         -8.1311
  1382.4847      8223.2074        -12.4225
  1382.4925      8221.4667         -9.0908
  1382.5003      8219.7261         -6.2720
  1382.5081      8217.9854         -7.8062
  1382.5159      8216.2448         -3.4517
  1382.5237      8214.5042          0.1375
  1382.5315      8212.7637         -3.9938
  1382.5393      8211.0231         -6.7897
  1382.5472      8209.2826        -10.4403
  1382.5550      8207.5421         -6.8301
  1382.5628      8205.8016         -4.9924
  1382.5706      8204.0611        -11.0610
  1382.5784      8202.3206         -1.4986
  1382.5862      8200.5802         -3.2094
  1382.5940      8198.8398         -6.6977
  1382.6018      8197.0994         -6.4640
  1382.6097      8195.3590          1.7789
  1382.6175      8193.6186         -7.4221
  1382.6253      8191.8783         -8.4572
  1382.6331      8190.1380        -12.2129
  1382.6409      8188.3977         -8.2881
  1382.6487      8186.6574        -11.0644
  1382.6565      8184.9171         -5.2886
  1382.6644      8183.1769         -3.9596
  1382.6722      8181.4367         -6.6688
  1382.6800      8179.6965         -8.7531
  1382.6878      8177.9563        -11.1633
  1382.6956      8176.2161         -6.3364
  1382.7034      8174.4760        -10.7694
  1382.7112      8172.7359         -7.6870
  1382.7190      8170.9958         -5.1383
  1382.7269      8169.2557         -1.0791
  1382.7347      8167.5156         -2.9866
  1382.7425      8165.7756         -7.2270
  1382.7503      8164.0356        -11.6479
  1382.7581      8162.2956         -8.4816
  1382.7659      8160.5556        -13.7498
  1382.7737      8158.8156         -6.3527
  1382.7815      8157.0757         -3.6786
  1382.7894      8155.3357        -10.7397
  1382.7972      8153.5958        -10.8041
  1382.8050      8151.8559         -7.7107
  1382.8128      8150.1161         -0.6978
  1382.8206      8148.3762          2.2253
  1382.8284      8146.6364         -6.6012
  1382.8362      8144.8966         -4.8610
  1382.8440      8143.1568         -6.5748
  1382.8519      8141.4170         -3.7600
  1382.8597      8139.6773         -1.4786
  1382.8675      8137.9376         -8.7293
  1382.8753      8136.1979         -4.6010
  1382.8831      8134.4582         -2.8525
  1382.8909      8132.7185         -4.3619
  1382.8987      8130.9788         -2.5718
  1382.9065      8129.2392         -7.7252
  1382.9144      8127.4996        -10.9000
  1382.9222      8125.7600         -0.3116
  1382.9300      8124.0204          3.9834
  1382.9378      8122.2809        -10.0447
  1382.9456      8120.5414        -10.5045
  1382.9534      8118.8018          4.0212
  1382.9612      8117.0624         -8.5899
  1382.9691      8115.3229         -7.0955
  1382.9769      8113.5834         -3.8766
  1382.9847      8111.8440         -6.2299
  1382.9925      8110.1046          3.7776
  1383.0003      8108.3652          1.4289
  1383.0081      8106.6258        -21.4026
  1383.0159      8104.8865         -0.0380
  1383.0237      8103.1471          4.5393
  1383.0316      8101.4078        -11.0940
  1383.0394      8099.6685         -0.2631
  1383.0472      8097.9292        -10.6071
  1383.0550      8096.1900         -5.3704
  1383.0628      8094.4507         -7.0952
  1383.0706      8092.7115        -10.6290
  1383.0784      8090.9723         -4.3343
  1383.0862      8089.2331         -0.2675
  1383.0941      8087.4940         -7.9695
  1383.1019      8085.7548         -9.8232
  1383.1097      8084.0157         -0.8981
  1383.1175      8082.2766        -11.5560
  1383.1253      8080.5375         -3.8070
  1383.1331      8078.7985         -7.2027
  1383.1409      8077.0594        -17.4261
  1383.1487      8075.3204         -1.0558
  1383.1566      8073.5814         -3.4864
  1383.1644      8071.8424        -11.9460
  1383.1722      8070.1035         -6.9400
